sentence1	lambda=0.1	-21.429216	-3.632079	-2.201780	-3.288603	-2.436643	-3.464752	-1.584201	-2.742045	-2.079114	
sentence1	lambda=1	-27.909956	-3.879260	-3.166648	-4.145313	-3.284979	-4.271012	-2.522799	-3.584746	-3.055199	

sentence2	lambda=0.1	-22.001314	-3.632079	-2.201780	-3.288603	-3.192966	-3.280527	-1.584201	-2.742045	-2.079114	
sentence2	lambda=1	-28.482364	-3.879260	-3.166648	-4.145313	-3.983949	-4.144450	-2.522799	-3.584746	-3.055199	

sentence3	lambda=0.1	-26.284700	-3.898092	-3.708815	-3.704236	-3.703768	-3.715859	-3.849927	-3.704002	
sentence3	lambda=1	-30.797534	-4.122298	-4.443232	-4.442770	-4.442723	-4.443951	-4.459815	-4.442746	

sentence4	lambda=0.1	-20.672980	-3.745029	-3.707346	-3.253174	-3.707346	-3.423332	-2.836754	
sentence4	lambda=1	-25.067980	-3.983995	-4.443083	-4.141630	-4.443083	-4.266671	-3.789518	

