sentence1	rain+valid	-15.173031	-3.619600	-1.092492	-2.336582	-1.995319	-2.665803	-0.732292	-2.214458	-0.516485	
sentence1	rain+valid+test	-15.609892	-3.598921	-1.030202	-2.366509	-1.893022	-2.690711	-1.130048	-2.228947	-0.671532	

sentence2	rain+valid	-15.499983	-3.619600	-1.092492	-2.336582	-2.765919	-2.222154	-0.732292	-2.214458	-0.516485	
sentence2	rain+valid+test	-16.062767	-3.598921	-1.030202	-2.366509	-2.783234	-2.253373	-1.130048	-2.228947	-0.671532	

sentence3	rain+valid	-18.280420	-3.881672	-2.406425	-1.897119	-1.760899	-2.688971	-3.801460	-1.843873	
sentence3	rain+valid+test	-18.404171	-3.912680	-2.410277	-1.895832	-1.781889	-2.728832	-3.832075	-1.842586	

sentence4	rain+valid	-21.946403	-3.855800	-5.719547	-4.550755	-5.528478	-1.843873	-0.447950	
sentence4	rain+valid+test	-10.941588	-3.753247	-2.300403	-0.760845	-2.300403	-1.323728	-0.502963	

